870 1110010 or Pannona.

neuma, 1000004. 71, 97, 109, 100, amp-now, omia, 112.

 

 

267, 298. Thomu, (19 Natho-homes,
John-am, 66, 244. 208, 801.
1011911099, 10, 27, 29, 80, 107, 81191119, 0011910191, 226.

 

128, 180, 166, 208, 204. 1111913226.
somna, junior, 106, 274, 811911,8011911119, 176.

 

 

 

 

 

 

 

 

802, 804. 8119691169, 1119319191, 92.
mna, 69 81103911, 144. 811919, 8119119, renen, 27,104, 202, 801.
nubem, 11, 66, 68, 146. sinopen-t, Sinopen-te, willielmus, 76, 204.
relicta, 106. 8119101011,819916119, 158.
81091609, 21, 28, 204, 808, 8011911119, 106.

806. willielmus, 80,108, 129.

ubertus, 69 naiton, 5, 40. 8119119, 111130, (19 91909911305.
(19 819100913919, 808. 81191193,119111109 69, 103, 201, 221, 278,

(ιο numa, 20, 00, 100, 000.
204, 000. aponum 00,121,122,104,
Thomu, 20, 01, 00,100, 200. 100, 209, 221, 222, 201, 202’, 270,
winidum, 10, 27, 191, 200, 000, 012, 020, 029.

 

 

 

 

 

 

 

 

 

804. 8110119, nobem 69 Consul-th, 802.
80391191, 0010691109, 28, 98, 106, 204, 8110111969, Thomu, 84.
804. 8111011191, tenente· 69, 146, 248, 269,
69013109, 98. 276.
Ros, 8099, 80999, johannen, 10, 12, 29, 8111006111, 8011911119, 68.
65, 67, 181, 144, 241, 806. sim-lect, Hearimu, 806.
-- dnm puellm J ohannis, 182. Skipper, Τ1101099, (19 Wolwon, 208.
Ν1911019119, 270, 280. uxor Thomu, 208.
801119, 801111, 111130 ,,106 110. 8109111919, 8011111919, Μ. 288.
801191, 811191, 8111191,Μ11ο, 6, 77, 78, 8011911119, 27, 81, d

 

3313321393168, 169, 284, 2’58, 266, 2ss uxor 80119111, 10,P‘5.5„.m143,

816691, Ryddell, Petrus, 180, 282. 8011911119, filius 80119111, 241.
816191, golgoni, 1361.. 811ὲ1631111, 8101111, 80111119, 1011901199, 158,

 

 

 

Loo,95, 192, 291.
141οο911119,19,61,98,129,189,
8. 142, 264, 827.
puella, Be-y, 182.
809119, Will. 880. 8011911119, 97,104,181,184,157,
891191, 8911911, 8911, 89119, 8190919909, 194, 240, 298.
181, 191. 80391, 28, 101, 198, 827.
Thomas, 45, 74, 116, 191, 214, —-—- Thomu, (19 8111011191, 16, 62, 68,
290, 828. 78, 146, 146, 161, 162, 168, 248, 248,
Sandan-son, Johsnnoe, 69 Novo 099110, 249, 269, 276.

 

 

 

 

 

 

 

 

 

 

 

 

 

 

49, 186, 170, 249, 267, 280, 807, 816, willielmus, 829.
817, 824, 825. —-—-----· 69 Ν9119069 in onmi-
Robertus, 14, 268. tatu (19 Κ906911, 218.
8. Androm, capellanus, 880.80111·111191, 8011100911, 801111οπ1,
899119, 81191119,81191011999, 81191119, 6901-81111111111911,811111111ν11191, Thomu, 10,
31119, 10, 88, &pauim- 65, 144, 241.
111109 Georgii, 279. Willieimus, 64.
8116111ρο09, 82, 176, 274. 8011111900, «1119011119, 80, 81, 108, 109.
80011, Willielmus, 81. uxor Georgii, 82.
Scoyrfelde, Sem-feld, Seurfeldo, 101190- willielmus, 29, 81.
nee, 57, 84, 145, 164, 162, 179. Snawball, Johannoe, 148.
891111, Cuthbertus, clericus eeclesiae, 90, 8119116009, 3011911099, 78.
106, 187. 8. oswaldi, Vicat-ius, 245.
willielmus, 146, 161, 248. 8011191100, J. 133.
8110111119, uxor 69 Novo 099110, 216. Southfolke, quidam homo 69, 213.
Shafto, Mal-ke, 216. southwyk, Robertus, 5.

Shaldfurth, Johannes, 188. tenentes 69, 166, 268.

 

