INDEX 01⁸ MATTER, ormena, E'I'G.

Sheep, woolnkins, m Rides.
sheep salve, 157.

 

 

6666661666, 109, 138, 158.
Shepherd of Hebbarn, 206.
Shepherds at Muggleswick, 157.
Shovels and spadas, 74.

8111166 keeper, 102.

8111113, 269. “

silk, 1.

Silver, 130.

6166111166, 46.

gilt, 47.

Sisters of Witton, 202.

81169116, 611666, skops, 88, 133, 283.
811166, red, 43.

816666, 174, 175.

8166311161· house, 30, 107, 202, 301.
11166,89, 187, 285.
81611366, 252, 280.

8111611 eorde, 20, 66, 67, 154, 251.
— nuces, 20, 67, 155, 252.
Smith, smiths, 20, 98, 195, 233, 294.
8611611166, Smythy, 140, 141, 280.
man, 329.

Snipes, see Poultry.

 

 

 

 

 

8081), 44, 62, 63, 69, 152, 157, 227, 230,

248, 249, 254.
8611116166, 45, 130, 131.
pro equo, 8.

 

Soulsilver, Sowlsylver, Sowlsilver, 132,

185, 284.

Sowder, 169, 266, 268.

Sowing 11611, 68, 69, 156.

866116, sign of, 1.

Spanish iron, see Iron.

Spars, 85,-180, 270, 277.

speaks, 69, 84.

Spicae, 9, 36, 37, 38, 39, 42, 43, 44, 54,
59, 71,116-19‚122-26,141,142,143‚
14'7,1'59‚190,199,215-’18‚2'22—
232, 241, 245, 257, 298, 315—18, 321

6111166116, 9, 39, 43, 44, 54, 119,

122, 124, 125, 126, 142, 218, 222-

32, 240, 318, 322-24,

6661666116, 2, 38, 42, 44, 117,

123-26, 199, 216, 217, 222, 223,316,

1116611116, 216, 230, 317.

cinnamon, 37, 216, 316, 223-

 

 

 

 

232.

 

cloves, 2, 9, 37, 42, 43, 44, 54,
116, 123—25, 141, 199, 215, 222, 223,
224—232, 240, 315.

---- 66616616, 1, 2, 38, 118, 206, 217,
223, 232, 317.

cul-rante, racemi parvi, 6111611
misine, 9, 38, 42-45, 54, 118, 119,

 

61166Ρ611661163, 11, 56, 145, 242,

357

122-25, 142, 199, 217, 222, 223-

232, 240, 317, 321—24.

dates, 1, 2, 9, 38, 44, 54, 117,

141, 216, 223-32, 240, 316. 3222-24,

1136, 9, 39, 4'3, 44, 54, 126, 142,

199, 217, 218, 223—32, 240, 317, 324,

1136 from the gal-den, 217.

3111361, 37, 42,43,44,117,122—

25, 216, 222, 223, 224, 230, 232, 316,

3161116 (pepper unground), 2, 43,
44, 116, 122-26, 215, 217, 222, 2231--Ξ
23'2, 313, 321—2⁹4.

——- liquorioe, 2, 38, 42, 117, 124, 216,
217, 223-32, 316, 321—23.

111666, 9, 37, ’42, 43, 44, 54, 116,

123-25, 141, 199, 215, 217, 222,

223, 224—232, 240, 315 321—24,

 

 

 

 

 

 

 

nutmegs, 216.
42 43:³25? <32⁶ 6186.εέ61). ⁹1:13⁹
2

199, 215, 2⁷17,2’22-3'2, 240, 313 ,315‚

plate, 1, 217, 223-232, 317.

1166163166616, 232.

prunos, 1, 9, 38, 42, 43, 44, 45,
118, 123—35, 151, 207, 222, 223,
224-232, 248, 249, 317, 321—24.

——— 1616166 (racemi 1116361, great cur-
rants) 9, 38, 42, 43, 44, 54, 118, 122·-
25, 142, 217, 218, 222, 223, 224, 232,
240, 315, 317, 321-24.

1166, 9, 39, 43, 44‚54,124—26,
142, 218, 223—32, ’240, 317.

———- saffron, 9, 37, 42, 44, 54,116,
122—26, 142, 199, ’215, 217, 222, ,223,
240, 315, 321—24.

66611616, 2, 9, 37, 42, 43, 44, 54,

116, 123-26, 141, 215, 223—32‚ 240,

315,322-24.

611361, 38, 42, 43, 44, 45, 117,

118, 122, 123, 124, 216, 222, 223—

232, 316, 317, 321—23.

sukketS, 232.

turnsole, 38, 43-45, 117,

216, 223-32, 316.

 

 

 

 

 

 

 

 

 

124,

8613666, 70, 163.

 

and 66611616, 74.
Spikings, 666 Ν6116.
Spinning, 139.

Splents (61166111), 139.
Spoons, 46, 47, 229.
sputa, 19, 65.

Stablo, 279, see Groom.
of Abbey, 172.
Bursar, 19, 250, 257, 275, 78.
cartem, 272.
fisherman, 82.
Hostillar, 275.

 

 

 

 

 

